Id,SalePrice
1461,118500.0
1462,167500.0
1463,200000.0
1464,200000.0
1465,239000.0
1466,200000.0
1467,152000.0
1468,200000.0
1469,170000.0
1470,133000.0
1471,183000.0
1472,85000.0
1473,116900.0
1474,140000.0
1475,118500.0
1476,437154.0
1477,256300.0
1478,325000.0
1479,345000.0
1480,555000.0
1481,318000.0
1482,236500.0
1483,200000.0
1484,183000.0
1485,200000.0
1486,200000.0
1487,402000.0
1488,239799.0
1489,194000.0
1490,402000.0
1491,245500.0
1492,61000.0
1493,185000.0
1494,402000.0
1495,402000.0
1496,278000.0
1497,183000.0
1498,185000.0
1499,170000.0
1500,165000.0
1501,173000.0
1502,163990.0
1503,281213.0
1504,265900.0
1505,402000.0
1506,166000.0
1507,241000.0
1508,200000.0
1509,145000.0
1510,139000.0
1511,158000.0
1512,170000.0
1513,145000.0
1514,200000.0
1515,200000.0
1516,175000.0
1517,200000.0
1518,137000.0
1519,402000.0
1520,144000.0
1521,137000.0
1522,152000.0
1523,113000.0
1524,105000.0
1525,117000.0
1526,105000.0
1527,116900.0
1528,105000.0
1529,133000.0
1530,170000.0
1531,110500.0
1532,95000.0
1533,147000.0
1534,112000.0
1535,163500.0
1536,135000.0
1537,85000.0
1538,159434.0
1539,235000.0
1540,119000.0
1541,133000.0
1542,105000.0
1543,214500.0
1544,98000.0
1545,121600.0
1546,128000.0
1547,119750.0
1548,105000.0
1549,134900.0
1550,152000.0
1551,110000.0
1552,105000.0
1553,167500.0
1554,120000.0
1555,170000.0
1556,85000.0
1557,85000.0
1558,100000.0
1559,92900.0
1560,110000.0
1561,141000.0
1562,142000.0
1563,163500.0
1564,128000.0
1565,175000.0
1566,316600.0
1567,113000.0
1568,274300.0
1569,139400.0
1570,142000.0
1571,105000.0
1572,142500.0
1573,194000.0
1574,130500.0
1575,205000.0
1576,402000.0
1577,200000.0
1578,157500.0
1579,132500.0
1580,200000.0
1581,130000.0
1582,142000.0
1583,402000.0
1584,263000.0
1585,200000.0
1586,85000.0
1587,94500.0
1588,138800.0
1589,121600.0
1590,142000.0
1591,113000.0
1592,128900.0
1593,117000.0
1594,118000.0
1595,94750.0
1596,176000.0
1597,200000.0
1598,165000.0
1599,170000.0
1600,149300.0
1601,87000.0
1602,110000.0
1603,103600.0
1604,402000.0
1605,265900.0
1606,230000.0
1607,176432.0
1608,278000.0
1609,181000.0
1610,167500.0
1611,167000.0
1612,200000.0
1613,191000.0
1614,124500.0
1615,88000.0
1616,113000.0
1617,116900.0
1618,118500.0
1619,179000.0
1620,239000.0
1621,147000.0
1622,147000.0
1623,260000.0
1624,206300.0
1625,118500.0
1626,148000.0
1627,200000.0
1628,277500.0
1629,174000.0
1630,402000.0
1631,183000.0
1632,236500.0
1633,200000.0
1634,195000.0
1635,200000.0
1636,152000.0
1637,235000.0
1638,185000.0
1639,158000.0
1640,201800.0
1641,128000.0
1642,239799.0
1643,278000.0
1644,236500.0
1645,256000.0
1646,155000.0
1647,152000.0
1648,143250.0
1649,149350.0
1650,133000.0
1651,147000.0
1652,85000.0
1653,120000.0
1654,167000.0
1655,137500.0
1656,128000.0
1657,145000.0
1658,167000.0
1659,85500.0
1660,156000.0
1661,386250.0
1662,437154.0
1663,437154.0
1664,466500.0
1665,440000.0
1666,437154.0
1667,378500.0
1668,437154.0
1669,372402.0
1670,437154.0
1671,290000.0
1672,440000.0
1673,277500.0
1674,256300.0
1675,199900.0
1676,199900.0
1677,199900.0
1678,501837.0
1679,440000.0
1680,440000.0
1681,239000.0
1682,318000.0
1683,173000.0
1684,239000.0
1685,185000.0
1686,186000.0
1687,183000.0
1688,236500.0
1689,236500.0
1690,202500.0
1691,200000.0
1692,277500.0
1693,183000.0
1694,200000.0
1695,169500.0
1696,272000.0
1697,235000.0
1698,402000.0
1699,372402.0
1700,381000.0
1701,402000.0
1702,256300.0
1703,256300.0
1704,274300.0
1705,147000.0
1706,582933.0
1707,278000.0
1708,278000.0
1709,239000.0
1710,265900.0
1711,147000.0
1712,249700.0
1713,402000.0
1714,402000.0
1715,245500.0
1716,200000.0
1717,239000.0
1718,147000.0
1719,248000.0
1720,282922.0
1721,185000.0
1722,162500.0
1723,156000.0
1724,241000.0
1725,245500.0
1726,235000.0
1727,128000.0
1728,165000.0
1729,235000.0
1730,82500.0
1731,118500.0
1732,149350.0
1733,120500.0
1734,135000.0
1735,144900.0
1736,105000.0
1737,381000.0
1738,229000.0
1739,249700.0
1740,221500.0
1741,199900.0
1742,174000.0
1743,213500.0
1744,220000.0
1745,201800.0
1746,171000.0
1747,201800.0
1748,185000.0
1749,166000.0
1750,139000.0
1751,316600.0
1752,136000.0
1753,142000.0
1754,171000.0
1755,158000.0
1756,163500.0
1757,105000.0
1758,152000.0
1759,170000.0
1760,167000.0
1761,167500.0
1762,155000.0
1763,143000.0
1764,118500.0
1765,170000.0
1766,152000.0
1767,256000.0
1768,142000.0
1769,167000.0
1770,150000.0
1771,97000.0
1772,118500.0
1773,105000.0
1774,142000.0
1775,163500.0
1776,155000.0
1777,104900.0
1778,132000.0
1779,145000.0
1780,144900.0
1781,135000.0
1782,120000.0
1783,128000.0
1784,85000.0
1785,125000.0
1786,85000.0
1787,235000.0
1788,97000.0
1789,116900.0
1790,106500.0
1791,200000.0
1792,158000.0
1793,170000.0
1794,128000.0
1795,163500.0
1796,126500.0
1797,113000.0
1798,133000.0
1799,106500.0
1800,140000.0
1801,105000.0
1802,128500.0
1803,174500.0
1804,142500.0
1805,144000.0
1806,100000.0
1807,105000.0
1808,100000.0
1809,114504.0
1810,152000.0
1811,105000.0
1812,87000.0
1813,125500.0
1814,138887.0
1815,114504.0
1816,116900.0
1817,140000.0
1818,137900.0
1819,163500.0
1820,105000.0
1821,138887.0
1822,177000.0
1823,85000.0
1824,98000.0
1825,135000.0
1826,127000.0
1827,121600.0
1828,98000.0
1829,163500.0
1830,177000.0
1831,177000.0
1832,91500.0
1833,230000.0
1834,100000.0
1835,127500.0
1836,120000.0
1837,60000.0
1838,60000.0
1839,120000.0
1840,153000.0
1841,163500.0
1842,125500.0
1843,156000.0
1844,137500.0
1845,174500.0
1846,156000.0
1847,206900.0
1848,52000.0
1849,159434.0
1850,122000.0
1851,163500.0
1852,142125.0
1853,170000.0
1854,152000.0
1855,180500.0
1856,185850.0
1857,230000.0
1858,137000.0
1859,108000.0
1860,170000.0
1861,108000.0
1862,745000.0
1863,745000.0
1864,745000.0
1865,440000.0
1866,437154.0
1867,172500.0
1868,345000.0
1869,206300.0
1870,278000.0
1871,239000.0
1872,200000.0
1873,316600.0
1874,150000.0
1875,213500.0
1876,195000.0
1877,206300.0
1878,241000.0
1879,126500.0
1880,142000.0
1881,402000.0
1882,250580.0
1883,195000.0
1884,200000.0
1885,272000.0
1886,402000.0
1887,236500.0
1888,402000.0
1889,200000.0
1890,132000.0
1891,200000.0
1892,120000.0
1893,125000.0
1894,118000.0
1895,170000.0
1896,105000.0
1897,102000.0
1898,120000.0
1899,133000.0
1900,117000.0
1901,167500.0
1902,126500.0
1903,136500.0
1904,119750.0
1905,176000.0
1906,76500.0
1907,190000.0
1908,118500.0
1909,147000.0
1910,84500.0
1911,195000.0
1912,186700.0
1913,133900.0
1914,100000.0
1915,372402.0
1916,83000.0
1917,203000.0
1918,129000.0
1919,151000.0
1920,142000.0
1921,320000.0
1922,440000.0
1923,201000.0
1924,213250.0
1925,245500.0
1926,437154.0
1927,129500.0
1928,156000.0
1929,124900.0
1930,137500.0
1931,160000.0
1932,147000.0
1933,189000.0
1934,200000.0
1935,152000.0
1936,200000.0
1937,195000.0
1938,143000.0
1939,402000.0
1940,201000.0
1941,200000.0
1942,186000.0
1943,200000.0
1944,336000.0
1945,437154.0
1946,175000.0
1947,248328.0
1948,166000.0
1949,202500.0
1950,158000.0
1951,402000.0
1952,229000.0
1953,210000.0
1954,176000.0
1955,147000.0
1956,275000.0
1957,142000.0
1958,402000.0
1959,151000.0
1960,85000.0
1961,118500.0
1962,85000.0
1963,88000.0
1964,85000.0
1965,166000.0
1966,120000.0
1967,402000.0
1968,440000.0
1969,395192.0
1970,378500.0
1971,386250.0
1972,437154.0
1973,147000.0
1974,290000.0
1975,160000.0
1976,402000.0
1977,440000.0
1978,437154.0
1979,440000.0
1980,241000.0
1981,440000.0
1982,241000.0
1983,213500.0
1984,200000.0
1985,172500.0
1986,207500.0
1987,200000.0
1988,200000.0
1989,200000.0
1990,245500.0
1991,199900.0
1992,250580.0
1993,200000.0
1994,241000.0
1995,200000.0
1996,249700.0
1997,277500.0
1998,372402.0
1999,402000.0
2000,318000.0
2001,285000.0
2002,402000.0
2003,287090.0
2004,318000.0
2005,278000.0
2006,265900.0
2007,221500.0
2008,203000.0
2009,172785.0
2010,236500.0
2011,154000.0
2012,200000.0
2013,200000.0
2014,201000.0
2015,200000.0
2016,193500.0
2017,201000.0
2018,147000.0
2019,142000.0
2020,114504.0
2021,110000.0
2022,160000.0
2023,149700.0
2024,335000.0
2025,290000.0
2026,213500.0
2027,143000.0
2028,166000.0
2029,166000.0
2030,266000.0
2031,147000.0
2032,281213.0
2033,240000.0
2034,239000.0
2035,245500.0
2036,239000.0
2037,173000.0
2038,240000.0
2039,200000.0
2040,302000.0
2041,220000.0
2042,241000.0
2043,156000.0
2044,235000.0
2045,172000.0
2046,143000.0
2047,129500.0
2048,128000.0
2049,124000.0
2050,171000.0
2051,110000.0
2052,148000.0
2053,130000.0
2054,138887.0
2055,148000.0
2056,170000.0
2057,132000.0
2058,195000.0
2059,167500.0
2060,166000.0
2061,152000.0
2062,151500.0
2063,106250.0
2064,170000.0
2065,144000.0
2066,235000.0
2067,140000.0
2068,118000.0
2069,112000.0
2070,87000.0
2071,116900.0
2072,128000.0
2073,145000.0
2074,154000.0
2075,139000.0
2076,120500.0
2077,147000.0
2078,144000.0
2079,147000.0
2080,121600.0
2081,140000.0
2082,118000.0
2083,118500.0
2084,106500.0
2085,135000.0
2086,108000.0
2087,116900.0
2088,121600.0
2089,106250.0
2090,138887.0
2091,113000.0
2092,177000.0
2093,138887.0
2094,97000.0
2095,137000.0
2096,121600.0
2097,116900.0
2098,163500.0
2099,87000.0
2100,91500.0
2101,60000.0
2102,110000.0
2103,114504.0
2104,137900.0
2105,177000.0
2106,85000.0
2107,167000.0
2108,105000.0
2109,116900.0
2110,105000.0
2111,200100.0
2112,159434.0
2113,119000.0
2114,98000.0
2115,147000.0
2116,121000.0
2117,122900.0
2118,113000.0
2119,98000.0
2120,120000.0
2121,120000.0
2122,120000.0
2123,86000.0
2124,188700.0
2125,128000.0
2126,157000.0
2127,177000.0
2128,100000.0
2129,105000.0
2130,102000.0
2131,239000.0
2132,132500.0
2133,118500.0
2134,118500.0
2135,117000.0
2136,39300.0
2137,117500.0
2138,129500.0
2139,148000.0
2140,145500.0
2141,156000.0
2142,155000.0
2143,152000.0
2144,105000.0
2145,131500.0
2146,161500.0
2147,158000.0
2148,124500.0
2149,128000.0
2150,210000.0
2151,113000.0
2152,184000.0
2153,141000.0
2154,99900.0
2155,133000.0
2156,402000.0
2157,402000.0
2158,236500.0
2159,278000.0
2160,163990.0
2161,240000.0
2162,440000.0
2163,395192.0
2164,402000.0
2165,176000.0
2166,128000.0
2167,207000.0
2168,193000.0
2169,200000.0
2170,200000.0
2171,132500.0
2172,153000.0
2173,159500.0
2174,265900.0
2175,402000.0
2176,402000.0
2177,236500.0
2178,190000.0
2179,167000.0
2180,235000.0
2181,183000.0
2182,241000.0
2183,183000.0
2184,133000.0
2185,129500.0
2186,139950.0
2187,139000.0
2188,149900.0
2189,381000.0
2190,116500.0
2191,94500.0
2192,85000.0
2193,97000.0
2194,119000.0
2195,105500.0
2196,100000.0
2197,79900.0
2198,122900.0
2199,90000.0
2200,159434.0
2201,147000.0
2202,142500.0
2203,174500.0
2204,175000.0
2205,120000.0
2206,141000.0
2207,169500.0
2208,197500.0
2209,167000.0
2210,105000.0
2211,138887.0
2212,116900.0
2213,88000.0
2214,235000.0
2215,116900.0
2216,143000.0
2217,135000.0
2218,112000.0
2219,100000.0
2220,125000.0
2221,372402.0
2222,402000.0
2223,402000.0
2224,241000.0
2225,131500.0
2226,210000.0
2227,207500.0
2228,318000.0
2229,282922.0
2230,169000.0
2231,278000.0
2232,174000.0
2233,200000.0
2234,318000.0
2235,402000.0
2236,282922.0
2237,440000.0
2238,206300.0
2239,84500.0
2240,200000.0
2241,165500.0
2242,142000.0
2243,147000.0
2244,118500.0
2245,120000.0
2246,129500.0
2247,116900.0
2248,118500.0
2249,132000.0
2250,142000.0
2251,85000.0
2252,128000.0
2253,235000.0
2254,200000.0
2255,231500.0
2256,200000.0
2257,190000.0
2258,152000.0
2259,200000.0
2260,170000.0
2261,166000.0
2262,170000.0
2263,378500.0
2264,582933.0
2265,148000.0
2266,277500.0
2267,440000.0
2268,440000.0
2269,166000.0
2270,200000.0
2271,200000.0
2272,211000.0
2273,152000.0
2274,195000.0
2275,176000.0
2276,226000.0
2277,158000.0
2278,139950.0
2279,142000.0
2280,100000.0
2281,183000.0
2282,183000.0
2283,85000.0
2284,133900.0
2285,84500.0
2286,152000.0
2287,320000.0
2288,239000.0
2289,402000.0
2290,440000.0
2291,277500.0
2292,440000.0
2293,386250.0
2294,160000.0
2295,466500.0
2296,277500.0
2297,339750.0
2298,320000.0
2299,437154.0
2300,318000.0
2301,277500.0
2302,402000.0
2303,278000.0
2304,278000.0
2305,192000.0
2306,200000.0
2307,199900.0
2308,241000.0
2309,277500.0
2310,241000.0
2311,199900.0
2312,163990.0
2313,200000.0
2314,163990.0
2315,163990.0
2316,200000.0
2317,200000.0
2318,200000.0
2319,163990.0
2320,163990.0
2321,172500.0
2322,200000.0
2323,200000.0
2324,183000.0
2325,172500.0
2326,200000.0
2327,200000.0
2328,202500.0
2329,200000.0
2330,200000.0
2331,440000.0
2332,440000.0
2333,402000.0
2334,263000.0
2335,402000.0
2336,402000.0
2337,200000.0
2338,402000.0
2339,265900.0
2340,440000.0
2341,265900.0
2342,278000.0
2343,274300.0
2344,245500.0
2345,278000.0
2346,241000.0
2347,241000.0
2348,265900.0
2349,186500.0
2350,326000.0
2351,240000.0
2352,221500.0
2353,264561.0
2354,154000.0
2355,140000.0
2356,166000.0
2357,245500.0
2358,172785.0
2359,120000.0
2360,118500.0
2361,128000.0
2362,402000.0
2363,166000.0
2364,159000.0
2365,278000.0
2366,245500.0
2367,265900.0
2368,278000.0
2369,265900.0
2370,143000.0
2371,143000.0
2372,195000.0
2373,402000.0
2374,402000.0
2375,212000.0
2376,402000.0
2377,402000.0
2378,156000.0
2379,211000.0
2380,170000.0
2381,139000.0
2382,205000.0
2383,195000.0
2384,236500.0
2385,152000.0
2386,133000.0
2387,132000.0
2388,111000.0
2389,129500.0
2390,138800.0
2391,125000.0
2392,117000.0
2393,156000.0
2394,145000.0
2395,235000.0
2396,174900.0
2397,152000.0
2398,145000.0
2399,39300.0
2400,55000.0
2401,102000.0
2402,129500.0
2403,135000.0
2404,156000.0
2405,155000.0
2406,139000.0
2407,147000.0
2408,152000.0
2409,122900.0
2410,197500.0
2411,117000.0
2412,158000.0
2413,132000.0
2414,139000.0
2415,118000.0
2416,177000.0
2417,155000.0
2418,105000.0
2419,147000.0
2420,163500.0
2421,139400.0
2422,117000.0
2423,177000.0
2424,140000.0
2425,201800.0
2426,132000.0
2427,177000.0
2428,230000.0
2429,117000.0
2430,139000.0
2431,139000.0
2432,132000.0
2433,170000.0
2434,148000.0
2435,144000.0
2436,125000.0
2437,129900.0
2438,142000.0
2439,177000.0
2440,119750.0
2441,87000.0
2442,98000.0
2443,105000.0
2444,147000.0
2445,138887.0
2446,105000.0
2447,235000.0
2448,159434.0
2449,132500.0
2450,157500.0
2451,118500.0
2452,214500.0
2453,120000.0
2454,143000.0
2455,60000.0
2456,110000.0
2457,132500.0
2458,151500.0
2459,120000.0
2460,118500.0
2461,132500.0
2462,98000.0
2463,120000.0
2464,167500.0
2465,174500.0
2466,123600.0
2467,200100.0
2468,98000.0
2469,124000.0
2470,176000.0
2471,235000.0
2472,157500.0
2473,119750.0
2474,58500.0
2475,169000.0
2476,106500.0
2477,142000.0
2478,160000.0
2479,177000.0
2480,174900.0
2481,151000.0
2482,129500.0
2483,129500.0
2484,118500.0
2485,117000.0
2486,160000.0
2487,295000.0
2488,129500.0
2489,140000.0
2490,159500.0
2491,61000.0
2492,182900.0
2493,152000.0
2494,175000.0
2495,88000.0
2496,256000.0
2497,147000.0
2498,117000.0
2499,96500.0
2500,133000.0
2501,147000.0
2502,125000.0
2503,120000.0
2504,181500.0
2505,207500.0
2506,221500.0
2507,402000.0
2508,221500.0
2509,265900.0
2510,241000.0
2511,200000.0
2512,241000.0
2513,245500.0
2514,171000.0
2515,152000.0
2516,152000.0
2517,133000.0
2518,152000.0
2519,196000.0
2520,200000.0
2521,200000.0
2522,207500.0
2523,108000.0
2524,143000.0
2525,145000.0
2526,138500.0
2527,140000.0
2528,105000.0
2529,157900.0
2530,118500.0
2531,402000.0
2532,202500.0
2533,241000.0
2534,238000.0
2535,402000.0
2536,402000.0
2537,215000.0
2538,163990.0
2539,183000.0
2540,163990.0
2541,200000.0
2542,200000.0
2543,140000.0
2544,159434.0
2545,130000.0
2546,139950.0
2547,153000.0
2548,160000.0
2549,152000.0
2550,160000.0
2551,164000.0
2552,138500.0
2553,96500.0
2554,81000.0
2555,98000.0
2556,138887.0
2557,159434.0
2558,137000.0
2559,133000.0
2560,139500.0
2561,105000.0
2562,83000.0
2563,98000.0
2564,165000.0
2565,167500.0
2566,240000.0
2567,129500.0
2568,176000.0
2569,166000.0
2570,118500.0
2571,200000.0
2572,179000.0
2573,226000.0
2574,205000.0
2575,151500.0
2576,120000.0
2577,129500.0
2578,138887.0
2579,138887.0
2580,100000.0
2581,145000.0
2582,177000.0
2583,402000.0
2584,170000.0
2585,241000.0
2586,200000.0
2587,166000.0
2588,142000.0
2589,152000.0
2590,207500.0
2591,210000.0
2592,278000.0
2593,240000.0
2594,172000.0
2595,245500.0
2596,372402.0
2597,278000.0
2598,274300.0
2599,160000.0
2600,181000.0
2601,170000.0
2602,109500.0
2603,118500.0
2604,88000.0
2605,80000.0
2606,160000.0
2607,180000.0
2608,260000.0
2609,152000.0
2610,81000.0
2611,141000.0
2612,152000.0
2613,145000.0
2614,136000.0
2615,152000.0
2616,167000.0
2617,152000.0
2618,262500.0
2619,168000.0
2620,195000.0
2621,200000.0
2622,195000.0
2623,263000.0
2624,402000.0
2625,287090.0
2626,157000.0
2627,166000.0
2628,437154.0
2629,582933.0
2630,290000.0
2631,582933.0
2632,378500.0
2633,240000.0
2634,437154.0
2635,170000.0
2636,169500.0
2637,159895.0
2638,248900.0
2639,235000.0
2640,152000.0
2641,117000.0
2642,200000.0
2643,118500.0
2644,84500.0
2645,88000.0
2646,85000.0
2647,118500.0
2648,166000.0
2649,170000.0
2650,118500.0
2651,166000.0
2652,437154.0
2653,240000.0
2654,250000.0
2655,320000.0
2656,336000.0
2657,437154.0
2658,277500.0
2659,277500.0
2660,437154.0
2661,440000.0
2662,383970.0
2663,402000.0
2664,277500.0
2665,440000.0
2666,266000.0
2667,163990.0
2668,192000.0
2669,190000.0
2670,250000.0
2671,192000.0
2672,194000.0
2673,207500.0
2674,207500.0
2675,163990.0
2676,190000.0
2677,200000.0
2678,263000.0
2679,239000.0
2680,402000.0
2681,440000.0
2682,290000.0
2683,625000.0
2684,301500.0
2685,402000.0
2686,277500.0
2687,302000.0
2688,241000.0
2689,241000.0
2690,440000.0
2691,185000.0
2692,152000.0
2693,278000.0
2694,149500.0
2695,245500.0
2696,200000.0
2697,200000.0
2698,200000.0
2699,213500.0
2700,166000.0
2701,200000.0
2702,130000.0
2703,124500.0
2704,130000.0
2705,137000.0
2706,120500.0
2707,142000.0
2708,130000.0
2709,87000.0
2710,142000.0
2711,305900.0
2712,625000.0
2713,200000.0
2714,143000.0
2715,174000.0
2716,163990.0
2717,196000.0
2718,278000.0
2719,160000.0
2720,147400.0
2721,132000.0
2722,152000.0
2723,179000.0
2724,137000.0
2725,137000.0
2726,137500.0
2727,148000.0
2728,139000.0
2729,140000.0
2730,129500.0
2731,105000.0
2732,117000.0
2733,170000.0
2734,170000.0
2735,167500.0
2736,161500.0
2737,104900.0
2738,133900.0
2739,166000.0
2740,140000.0
2741,143000.0
2742,235000.0
2743,139000.0
2744,163000.0
2745,129000.0
2746,151500.0
2747,139950.0
2748,118500.0
2749,137000.0
2750,118500.0
2751,129500.0
2752,190000.0
2753,149500.0
2754,235000.0
2755,118500.0
2756,112000.0
2757,60000.0
2758,120000.0
2759,174500.0
2760,102000.0
2761,145000.0
2762,143000.0
2763,82500.0
2764,147400.0
2765,205000.0
2766,97000.0
2767,88000.0
2768,133900.0
2769,151500.0
2770,132000.0
2771,105000.0
2772,151500.0
2773,177000.0
2774,105000.0
2775,100000.0
2776,125500.0
2777,115000.0
2778,98000.0
2779,137900.0
2780,106500.0
2781,121600.0
2782,91000.0
2783,121600.0
2784,159434.0
2785,159500.0
2786,138887.0
2787,97000.0
2788,100000.0
2789,128000.0
2790,99900.0
2791,147000.0
2792,85000.0
2793,97000.0
2794,98000.0
2795,98000.0
2796,135000.0
2797,206900.0
2798,98000.0
2799,114504.0
2800,81000.0
2801,126000.0
2802,159434.0
2803,170000.0
2804,111000.0
2805,99900.0
2806,109500.0
2807,153500.0
2808,156000.0
2809,128500.0
2810,133000.0
2811,176000.0
2812,166000.0
2813,200000.0
2814,136905.0
2815,88000.0
2816,176000.0
2817,138800.0
2818,142000.0
2819,180000.0
2820,143000.0
2821,120000.0
2822,235000.0
2823,210000.0
2824,190000.0
2825,152000.0
2826,148000.0
2827,137450.0
2828,250000.0
2829,316600.0
2830,278000.0
2831,183000.0
2832,402000.0
2833,402000.0
2834,190000.0
2835,265900.0
2836,222000.0
2837,157000.0
2838,140000.0
2839,200000.0
2840,200000.0
2841,200000.0
2842,402000.0
2843,130000.0
2844,166000.0
2845,116900.0
2846,202500.0
2847,195000.0
2848,195000.0
2849,200000.0
2850,275000.0
2851,190000.0
2852,402000.0
2853,274300.0
2854,200000.0
2855,200000.0
2856,192000.0
2857,200000.0
2858,200000.0
2859,118500.0
2860,142000.0
2861,138800.0
2862,241000.0
2863,133000.0
2864,277500.0
2865,143000.0
2866,164000.0
2867,116900.0
2868,85000.0
2869,120000.0
2870,170000.0
2871,58500.0
2872,114504.0
2873,119500.0
2874,163500.0
2875,159434.0
2876,129500.0
2877,119750.0
2878,98000.0
2879,175000.0
2880,119750.0
2881,105000.0
2882,160000.0
2883,175000.0
2884,205000.0
2885,128000.0
2886,205000.0
2887,121600.0
2888,120500.0
2889,86000.0
2890,101000.0
2891,135000.0
2892,81000.0
2893,110000.0
2894,88000.0
2895,402000.0
2896,402000.0
2897,186700.0
2898,136905.0
2899,278000.0
2900,128000.0
2901,176000.0
2902,207000.0
2903,437154.0
2904,402861.0
2905,61000.0
2906,236500.0
2907,84500.0
2908,129500.0
2909,136905.0
2910,81000.0
2911,116900.0
2912,206900.0
2913,94500.0
2914,106250.0
2915,88000.0
2916,81000.0
2917,152000.0
2918,142000.0
2919,274300.0
