Id,SalePrice
1461,108908.32001302682
1462,147220.39170727745
1463,173379.7181478143
1464,189015.7947466401
1465,180821.6006078728
1466,171054.90588665535
1467,184021.29417469393
1468,168477.9006300806
1469,187817.6376015239
1470,102027.56510767306
1471,207427.3245632858
1472,92349.02294193237
1473,90912.2526524104
1474,153987.06835693595
1475,102896.88119238608
1476,330897.06825287576
1477,225604.8542355036
1478,294082.53854580544
1479,292674.1472339902
1480,425808.35794695275
1481,273274.2986812418
1482,201126.31537457797
1483,173280.90504745214
1484,165453.66672223227
1485,198185.9148440502
1486,208094.9871820402
1487,301252.06268719095
1488,235862.1708381895
1489,184450.66043502817
1490,249161.12760757422
1491,216381.154438071
1492,85156.12613228054
1493,222599.21843982794
1494,272627.33204812097
1495,260636.26910739852
1496,255976.6705599656
1497,169550.3695937736
1498,175467.4653590078
1499,171480.89187015148
1500,164669.6442311279
1501,185784.59013104942
1502,151492.4060857099
1503,275921.5224898847
1504,233346.8349806553
1505,220902.29985210003
1506,191571.10344891078
1507,243493.79665324168
1508,206059.04765170516
1509,143667.89674854028
1510,131044.15147607413
1511,149044.31784171323
1512,173782.68353630506
1513,138942.6920881869
1514,145682.57742976845
1515,207910.41900654993
1516,148509.2180394966
1517,164268.58289542375
1518,114871.3034796647
1519,225957.38873344884
1520,125260.17684243897
1521,119771.78244726914
1522,178299.94443904265
1523,90214.24922103778
1524,103820.31095842845
1525,86815.34350487395
1526,88051.3775688951
1527,85051.48061858876
1528,132520.71953032503
1529,130569.64916415149
1530,186279.70252224524
1531,143801.7343993466
1532,102240.26852841974
1533,153579.27170619837
1534,151443.74213347596
1535,151700.60995927703
1536,101361.99682365895
1537,61873.37001912737
1538,165286.20632401403
1539,238820.12484925363
1540,103411.23141658647
1541,145205.33856496456
1542,148659.63146638073
1543,184669.63726990458
1544,80329.51739494003
1545,90801.70232219681
1546,141397.5606591236
1547,149991.11415178046
1548,119551.23574462747
1549,98250.65576581193
1550,137400.31182487268
1551,126067.50557741293
1552,145150.48313236155
1553,156989.68027917563
1554,102997.66557748326
1555,169851.39398040043
1556,60712.25098539624
1557,104349.15654932837
1558,115603.08334139394
1559,80612.2109766355
1560,119813.12173430988
1561,129130.47153935146
1562,136539.6281843959
1563,107010.10070186168
1564,167616.33607072703
1565,137564.40848077214
1566,239453.64766481853
1567,72314.11785589645
1568,239802.6555957483
1569,136670.768437303
1570,134552.67622296934
1571,96287.19835551019
1572,134718.7036531896
1573,236959.8556300937
1574,101273.65339228358
1575,230640.02770857443
1576,249391.2602653655
1577,181700.5016391981
1578,159201.4418589835
1579,121781.79628965541
1580,189337.6600937475
1581,160827.2047910228
1582,114591.78171579803
1583,292856.45478426776
1584,221510.15917092367
1585,139188.59124377853
1586,43308.49838803682
1587,102991.90976568763
1588,146345.21926016247
1589,89419.97177922585
1590,129036.47931842788
1591,64858.77450753085
1592,147535.06451361603
1593,117492.27883296032
1594,123920.5392756763
1595,90146.25709111
1596,215434.63483215813
1597,156583.28683405733
1598,184489.38894201844
1599,176010.13167185016
1600,181469.73116482657
1601,26018.586933171726
1602,111091.8664680461
1603,73771.30066502141
1604,265532.00785450777
1605,236503.8480169403
1606,159307.86524859897
1607,166970.8149966464
1608,211879.34638999988
1609,186649.60217156075
1610,152579.73960835522
1611,123801.62934136282
1612,196385.57814002686
1613,171316.07021544792
1614,131104.18705102435
1615,72631.71329078649
1616,51454.103766189146
1617,74789.81664259359
1618,109126.09612328147
1619,140272.96064670815
1620,165778.37651545933
1621,137064.7266013396
1622,160614.95476706495
1623,262850.88051197305
1624,220632.40698604856
1625,112663.69059494956
1626,182194.2613626091
1627,182939.2028198772
1628,274760.8627739065
1629,173290.7722017384
1630,317982.8590357449
1631,200636.93881293226
1632,210072.8316860912
1633,180757.56404064703
1634,189220.03030428034
1635,186016.26193165043
1636,164066.67424898504
1637,183040.1534004648
1638,201582.00256226977
1639,172414.63101685222
1640,245908.12868133505
1641,178143.36820318078
1642,258941.94409275954
1643,218827.07823005365
1644,235399.01311402937
1645,253073.25452464714
1646,166137.45908675433
1647,152039.74914818903
1648,121400.77829161685
1649,139724.1246491167
1650,104141.83561320756
1651,109457.78051826624
1652,92630.23755122983
1653,96557.57171819432
1654,150854.9535283901
1655,144230.9270426015
1656,148261.02537996482
1657,144723.26031516105
1658,157336.9611399965
1659,94837.54636163046
1660,150345.27513106677
1661,410994.0612537073
1662,322121.9073764622
1663,358767.0427603666
1664,413965.339647574
1665,304971.8102806113
1666,307904.58143871144
1667,340385.27121525083
1668,344428.02734229487
1669,295455.6191886889
1670,337436.2157450714
1671,255762.39917025992
1672,369772.716897866
1673,274159.208515603
1674,239226.264375369
1675,204973.53339589748
1676,209333.19572936776
1677,197510.12768029558
1678,417504.2587471764
1679,343844.4900661517
1680,313709.4419742264
1681,276242.3451864141
1682,284911.09657991305
1683,178834.09769703358
1684,192091.988373768
1685,205909.93838601504
1686,176487.3087066724
1687,190412.6320207139
1688,208852.48832801447
1689,211477.01478420972
1690,213275.44967265788
1691,198502.87085207948
1692,271227.3148459148
1693,186218.5283127904
1694,184615.5931294084
1695,162673.37851007274
1696,258360.46365055343
1697,159649.88117068427
1698,298804.74281395366
1699,310829.4445203637
1700,235198.1060460426
1701,255659.28349777195
1702,238420.20430507307
1703,244798.52203568336
1704,272276.2172021696
1705,267889.8690256891
1706,374491.7251347939
1707,214878.3913305494
1708,207113.82711400068
1709,253668.06782249972
1710,217373.08340074937
1711,274404.6860862586
1712,249830.47475892148
1713,267984.6000969506
1714,222839.95492745505
1715,211280.86020215612
1716,178222.66904057178
1717,174483.47560256548
1718,128969.87049932615
1719,210918.65521835128
1720,251301.561908512
1721,176010.5827186525
1722,123987.45895954227
1723,169279.122538434
1724,209289.16625223166
1725,244237.11251790207
1726,193665.0738599368
1727,155560.531658019
1728,195441.6923652769
1729,167255.07208045223
1730,150205.16928417925
1731,120246.30747847277
1732,114945.23706486655
1733,102129.14490619347
1734,115645.29442894174
1735,142778.4794135654
1736,95885.2974829396
1737,285140.10521960375
1738,232720.0663134493
1739,247010.81809940492
1740,199418.16032777194
1741,182609.6894496829
1742,178071.76072041536
1743,195071.69248278503
1744,321512.9127686011
1745,198753.5301771816
1746,204222.22655994515
1747,218695.77505884453
1748,218621.73109251508
1749,162335.54850860473
1750,134178.4094798826
1751,258134.5942108594
1752,96122.82140666412
1753,142003.57409576367
1754,191441.55074403842
1755,184556.6023521292
1756,127772.3767363853
1757,103865.43783415528
1758,146324.36100080798
1759,152945.9218059169
1760,163351.01213808195
1761,153630.8976369084
1762,170659.80671012812
1763,170420.15255453857
1764,90649.07302756794
1765,164294.2230603895
1766,190045.7155882943
1767,231377.62168188428
1768,132011.04351660877
1769,170264.5370886767
1770,172184.23506494815
1771,99524.4997178861
1772,123620.04255413153
1773,112948.23916464356
1774,127295.57169126262
1775,134495.29400147413
1776,122543.84781584983
1777,99284.858722186
1778,147721.75987179534
1779,124342.68151388416
1780,172721.02687313617
1781,106412.63298578824
1782,71554.39272489937
1783,141269.06147157215
1784,116940.39216923375
1785,125462.49664326647
1786,132795.95578130888
1787,189672.57447107503
1788,77038.71194748218
1789,95503.9598674575
1790,66301.1797817517
1791,195025.31604508593
1792,149668.3821326015
1793,126971.0203914915
1794,174191.6068233279
1795,121146.98340029843
1796,133947.28754743704
1797,143379.84139377874
1798,105142.69298680601
1799,83784.0871087517
1800,113668.25209392924
1801,120637.10301593495
1802,133399.8095611101
1803,144555.0077757741
1804,139257.27986115002
1805,136874.7983236541
1806,123989.47651375053
1807,148807.09384274867
1808,130480.13510412577
1809,118886.39638659699
1810,140199.63962096156
1811,124760.05779070406
1812,105147.34283521716
1813,123269.2423466673
1814,91774.15753006717
1815,21944.195324442902
1816,121415.00383392119
1817,143289.99564374762
1818,182631.91839993506
1819,133850.16739432717
1820,52006.10647216781
1821,125402.34819630615
1822,160500.04838010357
1823,60854.359339567396
1824,127022.77790793582
1825,130898.50829451004
1826,89214.16993357836
1827,80990.05285186021
1828,128900.76030129779
1829,137415.92389359642
1830,151937.93842154476
1831,134417.21048150494
1832,67256.58421926577
1833,131873.33115561272
1834,126501.90454000913
1835,122202.98219232695
1836,116412.82742631844
1837,81276.0164036432
1838,113393.64980552367
1839,127262.45086231468
1840,136178.74505617443
1841,98722.37442120076
1842,89380.28282959848
1843,133567.75725135097
1844,136134.592010723
1845,124250.77278881313
1846,142241.75868691684
1847,145807.93641832474
1848,25136.99480589773
1849,98675.80506115321
1850,104600.39076282493
1851,145727.5921707733
1852,115474.59668394206
1853,136190.75681774237
1854,173217.565740503
1855,166422.2500727142
1856,214792.0429002391
1857,133610.47058049592
1858,132828.6046392887
1859,101421.84460935087
1860,157309.02026435232
1861,100744.65365168062
1862,306957.345059383
1863,306127.5314117273
1864,306137.1039255837
1865,337736.9014187153
1866,338622.67754246725
1867,230583.03505143864
1868,301250.1018911105
1869,224069.06887699224
1870,223367.63559452916
1871,252865.60638335295
1872,198263.03569312766
1873,235670.54107902537
1874,134249.55010327755
1875,183812.88127903102
1876,185650.72457062584
1877,212917.404793747
1878,205331.58611116465
1879,120421.32004348602
1880,119262.71435704138
1881,249425.0223503278
1882,250335.84804785484
1883,187749.66028785685
1884,199396.76124856735
1885,228580.3934606096
1886,286691.5252319028
1887,231916.81966674735
1888,270479.72186258045
1889,176801.05918913786
1890,85339.02807207285
1891,131512.03248518845
1892,89195.80529551998
1893,123891.51409634919
1894,106648.63362119412
1895,118998.88869337554
1896,127251.20035280049
1897,121970.34659995513
1898,113569.80568542314
1899,149993.57250118486
1900,128596.76893490656
1901,143570.52265659353
1902,109996.46229512864
1903,186198.8071985142
1904,122118.82605963523
1905,169315.4926147352
1906,137959.07289218967
1907,200737.4464049149
1908,94034.77331468723
1909,139062.4007437484
1910,118250.66635352504
1911,175411.04095102428
1912,277658.2566995413
1913,169796.18965374207
1914,53442.800301623894
1915,302265.55270919553
1916,3825.987125760352
1917,240555.675228237
1918,127031.07644235334
1919,187014.2702126252
1920,155813.06184838715
1921,358004.77736477624
1922,327314.9781129095
1923,226700.85256487684
1924,217471.657263145
1925,214626.00468412266
1926,364890.59260218823
1927,126526.62695587243
1928,175162.0795473513
1929,120888.86474327932
1930,121296.93395576876
1931,150949.64546092303
1932,132992.28063962684
1933,187530.03994319402
1934,170230.30744264886
1935,170358.2556766659
1936,188723.8952050863
1937,176083.97127265835
1938,186576.55765791482
1939,233875.3672469751
1940,182050.8397112648
1941,170969.7439506643
1942,188261.73559608829
1943,197108.7572205346
1944,317535.54866523284
1945,355869.8625541212
1946,140014.5831392503
1947,281936.44943455583
1948,179855.20325736725
1949,255084.86245316314
1950,200932.17864495944
1951,279016.6889461186
1952,212270.60714166966
1953,202106.83240230163
1954,177575.11596534212
1955,109120.35168751386
1956,323312.7581273757
1957,148125.66961029303
1958,283277.84458496404
1959,138418.02470958035
1960,101966.08772799943
1961,124671.28080810417
1962,83867.57892795042
1963,102416.44255019471
1964,105534.71756124024
1965,151691.50096125182
1966,137312.61492945123
1967,270823.5493256819
1968,371110.81225941813
1969,348912.1370330885
1970,351789.25988089404
1971,414424.84971390996
1972,347875.5362644081
1973,292106.9201643952
1974,309370.61584652023
1975,415844.8007166086
1976,257220.59667021438
1977,317824.0938493356
1978,304306.9755035374
1979,299950.21958859643
1980,166174.4632744868
1981,326401.34117071424
1982,215858.3547798051
1983,201388.76591371853
1984,177766.00257041233
1985,212543.70648713218
1986,208874.72212994387
1987,193227.5102762117
1988,190999.87170985757
1989,205613.60781191027
1990,225517.2295542257
1991,208213.5806702251
1992,234555.69955388663
1993,187292.85361667618
1994,233690.96905939677
1995,175473.50079704882
1996,260724.04494808393
1997,304031.0098725568
1998,271910.2482529254
1999,281594.72959370416
2000,289179.06008498307
2001,290518.010589406
2002,262803.5918598351
2003,260922.87551007792
2004,280673.55435647717
2005,246583.7583312847
2006,204110.13954033935
2007,249984.1032547959
2008,210360.85968575306
2009,207094.83742842227
2010,217567.09727160353
2011,126655.8711172064
2012,183954.71461601128
2013,190193.68644740956
2014,200955.83128349294
2015,222418.72676062174
2016,201549.73203412653
2017,197882.9881569675
2018,108363.21439596072
2019,133784.52267517382
2020,79233.64184822657
2021,99923.37973152376
2022,177636.83454705722
2023,160441.94964167065
2024,281016.4791237941
2025,316587.6597000918
2026,171465.64798964772
2027,160943.35093621624
2028,156992.46626615644
2029,168284.5630788373
2030,260466.86555633653
2031,238466.96422775497
2032,260682.20425817597
2033,254223.90847598773
2034,184887.1108467641
2035,206475.9306043653
2036,218508.81966559426
2037,223374.69385254892
2038,305383.9740165877
2039,221340.50449393125
2040,314677.6878903408
2041,300889.1560545992
2042,201965.51790657098
2043,172679.18320447067
2044,171434.32803206905
2045,209068.31269106088
2046,118699.2420016487
2047,132521.8914511778
2048,145000.92078944828
2049,131025.3507582402
2050,164118.8872810074
2051,98625.11962081473
2052,105862.88197509329
2053,136029.89137844395
2054,90483.00543756435
2055,171831.9818165489
2056,138833.8803484579
2057,104825.27111009297
2058,213615.18352708887
2059,127306.64341414146
2060,177192.38729027528
2061,158396.33414759202
2062,105688.16948876451
2063,100395.95182815776
2064,124474.44716100898
2065,129854.31213927933
2066,164839.8948134305
2067,100268.56076513865
2068,125318.53971183122
2069,72184.66741618584
2070,107809.91274589529
2071,91608.15270111103
2072,152128.89978090575
2073,129425.18457766704
2074,172089.58063712504
2075,134861.63955479622
2076,129645.32065523115
2077,132803.9507622385
2078,92976.26192372815
2079,135998.48993481055
2080,102661.72732324379
2081,117349.34914308492
2082,100828.80972956067
2083,137341.78703526722
2084,82837.33919895289
2085,95255.94440643585
2086,106034.73715066432
2087,119662.82338027107
2088,86863.44361585435
2089,81978.84093700639
2090,132110.27785418663
2091,90346.7245937208
2092,130600.124248749
2093,151818.97269274705
2094,113075.21150711404
2095,145097.26566965916
2096,82009.69503028362
2097,117570.08378920695
2098,138185.2281972618
2099,30634.06722286754
2100,45076.08192877329
2101,129375.31623579742
2102,120806.82082095635
2103,90763.49964892823
2104,132691.09511922696
2105,154633.83153184396
2106,46551.11264793074
2107,187573.1356220472
2108,112178.61706856306
2109,94846.16170110636
2110,120236.81388723271
2111,145804.18578632886
2112,117825.3710777382
2113,116898.99910455052
2114,128577.7004387829
2115,155983.99428858372
2116,93645.98403038447
2117,143798.17872284423
2118,107424.2096053941
2119,101965.57302209036
2120,124134.16833695311
2121,76239.29572233962
2122,79882.35582804408
2123,56072.160988136355
2124,153814.24234481767
2125,137172.8629127438
2126,148590.64337621088
2127,170145.47890849315
2128,125117.88185385815
2129,59832.91424417865
2130,118580.17224032545
2131,128044.10129245993
2132,102874.32775158992
2133,109882.087261853
2134,132410.60034710477
2135,111528.86446784611
2136,54512.91966516501
2137,102047.84335450192
2138,148567.16422818974
2139,146256.38156166745
2140,139469.02047729524
2141,154897.1362119244
2142,113950.93996013944
2143,144809.34082134505
2144,99353.8164347746
2145,129898.5741117436
2146,144803.5790166788
2147,145833.55039095055
2148,128113.16105037686
2149,174264.00755567563
2150,214033.62167344504
2151,109504.68022296496
2152,175991.65866486495
2153,190056.2878298243
2154,97932.2348086689
2155,138841.06891456927
2156,263055.95478382823
2157,241885.83788762466
2158,231759.09012299322
2159,224462.56972169768
2160,193407.95528477943
2161,248801.51612737498
2162,363223.7092238418
2163,364940.5122913694
2164,249008.65021605638
2165,183177.35468057112
2166,147536.30604514474
2167,210267.27766443498
2168,190208.1451388768
2169,200900.76229665335
2170,208260.9377293928
2171,148699.5807556846
2172,144202.725356579
2173,153383.72007137578
2174,222569.11525934841
2175,265144.8689967603
2176,298094.9144465071
2177,240650.67702914058
2178,220755.15303430014
2179,127493.91733389432
2180,187593.1673394211
2181,187821.45755791652
2182,210162.63888169004
2183,195896.06266643485
2184,115231.67495829603
2185,116363.78041229624
2186,149911.0032201558
2187,159312.3321145157
2188,159787.3583042936
2189,284975.0261614348
2190,41569.530915150914
2191,44305.538151324785
2192,70845.57279638223
2193,118679.94594580986
2194,96613.59456439447
2195,96961.22990917909
2196,120762.120210199
2197,113422.11000504887
2198,157620.11429798923
2199,181390.00536344133
2200,118810.07937763594
2201,131253.90936634643
2202,214897.33888933255
2203,116885.56890531351
2204,156558.02613867412
2205,87641.49917538461
2206,124859.80511004027
2207,183484.31983838908
2208,216790.7628679562
2209,205368.43458614312
2210,109395.49018882791
2211,105156.12556392555
2212,128331.15290592586
2213,104777.44784795526
2214,150557.04384916104
2215,85055.58551526789
2216,142216.80456273828
2217,89811.06916160807
2218,82139.98598699809
2219,81241.20376860697
2220,59340.6661026939
2221,303310.12820681836
2222,272376.1541187044
2223,293794.9454004889
2224,215867.00501578438
2225,108325.60354431586
2226,180450.16238733308
2227,218159.13070543687
2228,282022.69781033753
2229,236475.85770176954
2230,144762.87685091738
2231,215317.51757488184
2232,180870.88365474626
2233,209512.30678179068
2234,271726.4521106229
2235,247769.46340697375
2236,249659.2145606069
2237,320970.172368592
2238,178604.04378599653
2239,115404.08091819799
2240,168868.72178099176
2241,141023.78325977226
2242,108610.34302548037
2243,125733.2104180248
2244,104991.29733466882
2245,94747.34102643597
2246,131894.19377952302
2247,121346.93507765273
2248,94558.88232283478
2249,114635.09395092232
2250,114604.38244671441
2251,74800.96724675268
2252,177463.330515185
2253,152758.4493699768
2254,170903.19009811973
2255,188463.90347265682
2256,188025.06856178882
2257,206255.6856373543
2258,168039.91308088833
2259,173076.19680294607
2260,100970.23924712435
2261,178959.79975215672
2262,187239.884957797
2263,346139.00892821385
2264,431705.7545076475
2265,135223.45963633663
2266,267174.0060546797
2267,315598.42828985094
2268,364510.74454361986
2269,162188.16651601376
2270,204448.14944244816
2271,213086.24709704402
2272,245302.2558525638
2273,167903.61363940738
2274,172756.728387036
2275,158986.6150448736
2276,194426.83739313445
2277,181878.8557345622
2278,130442.48873606726
2279,121378.68035880022
2280,92808.6337302465
2281,173832.60209120353
2282,187453.37229006345
2283,104977.41600961934
2284,122798.34970410238
2285,136651.75992375598
2286,114705.86284450129
2287,343964.8944098797
2288,264724.4075058761
2289,291626.7972258429
2290,384943.5174339451
2291,310591.9884904415
2292,388456.8792604577
2293,403625.10127630807
2294,337483.06114940706
2295,427063.1698391502
2296,223670.93791029547
2297,338196.4082579618
2298,342913.9141229732
2299,331131.7681953228
2300,288723.3124520458
2301,313005.72297502623
2302,246236.19948320702
2303,227644.62518542088
2304,227322.8963582977
2305,202924.49613882927
2306,203623.37449863425
2307,209148.64066784305
2308,206386.25730753524
2309,299125.71235448157
2310,201862.50781215666
2311,201991.94154896133
2312,191138.42673098133
2313,185673.08007859092
2314,171345.38016284967
2315,195158.1978731012
2316,204084.10763112953
2317,191135.3376488962
2318,192109.97331264158
2319,187835.7942593978
2320,186492.34773322445
2321,226773.50843144412
2322,202657.82190899353
2323,186601.3881692544
2324,194803.35871629976
2325,228886.83585051866
2326,185856.78866138533
2327,213882.52043392102
2328,227762.1365236468
2329,186459.1736733458
2330,179911.41437132677
2331,317226.26839059003
2332,332530.19958383375
2333,281984.21560987824
2334,238174.84177736548
2335,268877.2405726973
2336,282577.1645065467
2337,188969.6859167962
2338,248469.24954439767
2339,226039.2199884838
2340,383112.664234653
2341,219351.56229897475
2342,236308.54750031437
2343,236009.40551568873
2344,217630.51907521198
2345,227123.3365680321
2346,199848.4469401419
2347,188828.74881056612
2348,237990.92963440652
2349,189413.7171164218
2350,309522.10179014114
2351,259060.7584897246
2352,244860.29956787993
2353,249990.15626798384
2354,122575.11146421204
2355,139260.5763826618
2356,169073.0129369929
2357,205125.7151739397
2358,203186.4669768302
2359,111383.58725502051
2360,108843.43006820264
2361,137640.51893508498
2362,257854.461618316
2363,156018.96771290828
2364,184475.95134928476
2365,227900.6240316873
2366,171516.01635689344
2367,197104.1684839653
2368,207449.2459481909
2369,199595.1207910315
2370,175215.57607592116
2371,175485.37224879835
2372,192188.51251091156
2373,304017.6618968935
2374,310960.03385496687
2375,228284.32971098745
2376,291696.52368649596
2377,314404.7324711259
2378,130202.13391798621
2379,203689.03360632344
2380,159263.43505244536
2381,158152.56778331875
2382,203516.34375645634
2383,191431.4815290446
2384,243636.8566399392
2385,172623.7859123681
2386,118285.11014006229
2387,119008.50495948087
2388,96344.18169663142
2389,112404.85480544875
2390,133546.13064114767
2391,138875.8223151327
2392,98494.4512209722
2393,160951.324688484
2394,126041.10061380028
2395,206137.23232033305
2396,125163.04072062162
2397,216924.99694513276
2398,117224.69263225203
2399,59194.156719662526
2400,54445.75776926108
2401,111931.1391827367
2402,126326.75598298071
2403,125500.36368013363
2404,144042.38282978078
2405,158107.27582193242
2406,132084.42726772343
2407,128477.95610670664
2408,145470.9260103518
2409,115847.03960252971
2410,183970.47035659687
2411,92873.28325044009
2412,148614.04237886626
2413,107959.05642251768
2414,157665.61728358184
2415,117257.82773396772
2416,109945.77462634291
2417,118109.18959860044
2418,120413.8872967385
2419,128954.13035457124
2420,114893.80408686184
2421,108554.88099157401
2422,85176.91258152292
2423,150744.2488694891
2424,133088.13621576707
2425,190234.92648249323
2426,145472.84068058635
2427,143510.3667285267
2428,175646.94205308167
2429,89304.15342075599
2430,121987.73424344689
2431,89645.70340850856
2432,137798.56965407604
2433,128660.83252744807
2434,132625.65430743195
2435,147581.67653514512
2436,96812.00899066681
2437,92855.06252434425
2438,112127.78939517947
2439,109833.93958185105
2440,123262.13917781651
2441,120070.91909407015
2442,96127.80004173581
2443,130592.57347439902
2444,120337.7751275223
2445,103131.67848031154
2446,142859.3227017866
2447,215687.82572284274
2448,133824.19996878205
2449,106577.51195831933
2450,156224.9775225616
2451,127181.55053178013
2452,196394.49333709615
2453,83321.46295482511
2454,107853.46874535436
2455,130042.97551487072
2456,150083.68623307275
2457,129046.74413540433
2458,123080.74309557198
2459,93896.1935707586
2460,129859.61608138459
2461,106847.4955058393
2462,122021.64241382289
2463,115564.69521941783
2464,178938.12964477096
2465,127369.43925674562
2466,129629.89736080918
2467,160169.37755812868
2468,94049.15426197715
2469,83231.35235329263
2470,185163.86203752994
2471,210641.47308002054
2472,158286.99926983207
2473,127034.04193256507
2474,70657.27242007163
2475,194508.03874541709
2476,90658.11770715784
2477,107493.71014160103
2478,148159.10191062652
2479,93400.21573867487
2480,164668.31386479601
2481,127538.97449492145
2482,132302.01973028012
2483,97745.2279006341
2484,118909.97841099754
2485,123291.63662146141
2486,148314.2541063266
2487,192798.9343328165
2488,173961.78366987794
2489,142914.3291276251
2490,152157.62792572426
2491,110269.37695168801
2492,192702.6734114953
2493,159353.65605425704
2494,140451.16167510877
2495,56267.09204677935
2496,225437.05179089954
2497,142396.33196919606
2498,85045.32625083918
2499,70870.96842205396
2500,119232.78519974022
2501,139638.99614896314
2502,150083.65635036852
2503,116078.12962574154
2504,144070.56802736252
2505,213755.21904539163
2506,250085.00436792884
2507,272772.2987460134
2508,253767.33545464458
2509,217093.74672151488
2510,216055.71846295558
2511,177436.4485125322
2512,202347.62069994237
2513,242209.0660731127
2514,254061.66534376453
2515,129490.52535436704
2516,177876.22003595598
2517,123040.11063210414
2518,144525.22924317847
2519,225267.51043989725
2520,223149.86118528963
2521,192282.21348477583
2522,219866.66040188292
2523,112941.30584920353
2524,149833.6211062096
2525,148350.2011541337
2526,149985.59088579973
2527,124262.19160502427
2528,109852.94972451674
2529,127014.98750529917
2530,120105.08516159153
2531,231967.71230496417
2532,221753.76520112663
2533,200887.37078541174
2534,243161.5813599403
2535,264253.89870942227
2536,233422.94256467215
2537,225283.22844233192
2538,189291.6222761482
2539,199816.31028775254
2540,185215.86093574247
2541,195571.8249250839
2542,173051.09171988317
2543,121233.59388587273
2544,99675.44503938234
2545,131947.0054805196
2546,110958.21467294017
2547,138037.806356165
2548,145657.31608199858
2549,148681.1050577036
2550,562072.4801206181
2551,128338.11447027516
2552,135317.25189323633
2553,51780.270957842135
2554,69584.62243591054
2555,103638.74780564809
2556,84029.27217625744
2557,88749.14882965892
2558,131911.5962790348
2559,120989.68321826181
2560,140264.28590946627
2561,125901.74809206143
2562,118262.58369378233
2563,115076.56487902603
2564,179067.08127514037
2565,92239.77396151188
2566,124805.79071116337
2567,98955.79925369819
2568,182894.4418568429
2569,208065.80786458353
2570,109288.0179246315
2571,171212.43745839188
2572,140700.28261230388
2573,204771.72828523704
2574,229247.41406205302
2575,136975.76594045674
2576,128830.23784177816
2577,162709.636666878
2578,66717.38378782569
2579,-5393.259959091927
2580,98861.45887467689
2581,117045.36771560134
2582,138535.97179767652
2583,248389.8189181856
2584,179820.30055223816
2585,199497.17394398284
2586,220854.16128582458
2587,198009.71955820432
2588,130194.81201789054
2589,152934.8553580172
2590,224274.2917240303
2591,231373.21003207145
2592,207252.56134798768
2593,273422.493329354
2594,185458.65323112288
2595,224745.19963653333
2596,301040.88247547764
2597,214998.9892716285
2598,287312.4423682375
2599,337366.9796103578
2600,88404.94693333431
2601,137890.3460797273
2602,67932.68119015053
2603,73962.01774100962
2604,67661.9864565591
2605,69802.2707092145
2606,156776.8094418286
2607,212151.94000952912
2608,199835.9941250251
2609,173183.9357747721
2610,100021.3094624176
2611,108009.33529230191
2612,162868.56272377988
2613,120158.92342046797
2614,95614.01339808028
2615,151915.82292505156
2616,158554.8968097922
2617,189670.12970564602
2618,232202.96982472547
2619,188642.71473667197
2620,171017.62095261939
2621,171587.95429122716
2622,180222.81586539495
2623,232501.11110001692
2624,285242.0880895633
2625,258300.27206229384
2626,172054.25711201478
2627,149534.32289480593
2628,390519.9408171732
2629,425352.9262405484
2630,317122.075947147
2631,404671.3005918798
2632,361720.1755529636
2633,272932.2814112968
2634,382021.4910576957
2635,162868.0915273943
2636,171661.30242140123
2637,204907.83069125502
2638,252101.9076688098
2639,177729.1711814055
2640,144340.53148929655
2641,85729.14395132977
2642,184654.98545264886
2643,98652.95231232517
2644,114356.13219496718
2645,103461.08173529309
2646,87977.74036757243
2647,102463.7928481329
2648,133593.73067719338
2649,141837.02086650275
2650,126530.23573167718
2651,145525.60457539963
2652,354922.9971058485
2653,240314.4220689862
2654,242018.73704040595
2655,371709.46333800734
2656,301456.66480875557
2657,340892.2168109693
2658,291549.3271103252
2659,289978.4529971577
2660,344639.5479434962
2661,318395.6197634165
2662,346735.8967628507
2663,264153.8360008466
2664,287399.5842891905
2665,296026.3598896017
2666,274656.6649343594
2667,191261.97797151245
2668,190445.59844420463
2669,185424.40979347576
2670,267177.75245370425
2671,193403.2401393847
2672,196249.6525498255
2673,192810.0016874073
2674,195231.42331427772
2675,165458.91373833004
2676,218009.81626509913
2677,199225.31771905514
2678,246977.61061949586
2679,263288.4665199918
2680,256057.48352702346
2681,366772.2259650677
2682,292669.9811479791
2683,416872.43188971723
2684,288814.61606635014
2685,289117.5486536921
2686,239621.2267042731
2687,284351.4431645782
2688,210257.5085151831
2689,195065.02858048675
2690,362535.41684243904
2691,197510.51724441163
2692,123553.80628117698
2693,208786.80576247984
2694,134611.610471776
2695,205745.15321617364
2696,196701.35614281043
2697,180300.7502143842
2698,215387.38263467202
2699,173697.1907823295
2700,153197.56674383522
2701,166596.38114439492
2702,111699.7131862257
2703,125465.3092575075
2704,131367.90349877282
2705,99682.03733918241
2706,95131.19537412138
2707,115251.69269258576
2708,118054.64997835018
2709,95415.67095982746
2710,119419.8791425381
2711,251374.9542347197
2712,344731.28064238146
2713,168737.48933882386
2714,159437.57174976403
2715,165248.401766822
2716,148766.62545339114
2717,186216.14248632733
2718,214900.42501541105
2719,152177.59815128383
2720,186032.07556261594
2721,118395.46153770364
2722,164309.42425187686
2723,170619.99657692548
2724,119971.00876327138
2725,110414.10812987832
2726,132560.8962222617
2727,168351.4223229104
2728,177850.97569881415
2729,132482.3414442674
2730,127271.47175489063
2731,121633.04765869796
2732,113411.62436932695
2733,137486.67694617048
2734,116772.44007898396
2735,122134.87465369844
2736,112167.58815189681
2737,96534.64624566352
2738,114582.57056215305
2739,149065.61620149092
2740,120527.61639979752
2741,155721.29315891952
2742,169149.45260122995
2743,136998.7241601522
2744,149215.4653029102
2745,147449.64749273757
2746,109442.23213831504
2747,153371.98662077347
2748,110238.41450032055
2749,123192.67196918555
2750,109118.80362715338
2751,116539.08675991463
2752,209601.36341028774
2753,141782.66068039628
2754,210602.82855360652
2755,132542.6387246535
2756,82497.50038641405
2757,76827.72903127939
2758,111989.48071194356
2759,164041.0794255266
2760,153647.49944491248
2761,125378.11540676063
2762,122800.77548313484
2763,180647.46430424173
2764,172073.10827245627
2765,257086.75506700278
2766,123567.61842280367
2767,51398.876192572905
2768,85680.59822457701
2769,118065.49927521651
2770,135032.04185758438
2771,85776.75254168098
2772,88220.83967873534
2773,208149.90023904043
2774,131019.46835188847
2775,122980.47712305369
2776,142619.66932237282
2777,159660.02365631014
2778,109921.73802080304
2779,144670.15340471143
2780,86435.58915733293
2781,63581.48655220374
2782,83785.84459389577
2783,89098.35163600322
2784,124844.16200335145
2785,151458.00570101608
2786,68996.6083180328
2787,142625.39935283447
2788,62193.46366733051
2789,164106.6924630072
2790,87261.03322797877
2791,107215.06178686212
2792,69201.71885166912
2793,144531.16407331527
2794,90061.63654672913
2795,115474.33971147254
2796,62919.722156833814
2797,201728.7169505237
2798,115717.76329439553
2799,136122.8310616858
2800,53700.62325238352
2801,92946.84159269184
2802,117064.82993751262
2803,134757.63782050734
2804,113062.25343686376
2805,94872.5316098902
2806,58704.775998745536
2807,162996.8110116038
2808,154555.0066611313
2809,106598.9421074218
2810,109591.48693453682
2811,164696.56926558507
2812,159771.23624783463
2813,154825.65090959013
2814,144931.44979627518
2815,91673.0802333557
2816,233624.13199888438
2817,157696.9987925233
2818,137002.07008572342
2819,178600.14529539694
2820,130671.51764196253
2821,99148.07442206296
2822,185848.30784500734
2823,289274.90546657983
2824,148529.1960490725
2825,157898.7995601013
2826,126041.22116028605
2827,132126.63188848854
2828,239152.37122000323
2829,222608.69134908018
2830,203405.13087087596
2831,196274.86702071215
2832,236833.9064855415
2833,292448.9262073693
2834,212618.83796133607
2835,218444.26034234941
2836,210400.6243087239
2837,151983.94112353463
2838,126718.97815773328
2839,183874.8900749705
2840,182679.18165977576
2841,202016.7826345323
2842,225668.33840556126
2843,153991.07289751788
2844,167096.40405756002
2845,98709.2631037201
2846,207449.79155719042
2847,199532.45613102234
2848,204628.36202781016
2849,198742.67958137277
2850,272151.0803560401
2851,221756.59809316118
2852,217806.89324727413
2853,224306.04945139217
2854,146781.2024026033
2855,202865.61946549057
2856,192578.285213479
2857,199590.44477144256
2858,205159.29320601525
2859,113067.24219650892
2860,128627.74444851215
2861,114657.40175188256
2862,223124.56102018646
2863,123695.747282185
2864,252166.50600886787
2865,122043.33693557334
2866,146695.93245243543
2867,100314.12309795957
2868,116616.00944440506
2869,100703.68398007822
2870,121081.72309936321
2871,73599.4609530058
2872,9558.04668009287
2873,72086.80005640871
2874,171943.8245589271
2875,118306.69498774922
2876,174066.37385827632
2877,117150.03735480415
2878,144259.5268639413
2879,124359.94546198241
2880,104747.46979913798
2881,99189.95691258526
2882,160819.49470312704
2883,186147.56289286958
2884,185549.1115048977
2885,157773.8388890511
2886,225915.12809251295
2887,89365.99048777325
2888,134757.6291183906
2889,33103.61078188161
2890,69334.25949832826
2891,137392.11729748783
2892,30027.68256654672
2893,87510.25340474484
2894,31721.816540289292
2895,303637.3003564388
2896,266100.8171561775
2897,217141.69635015368
2898,140182.45280727322
2899,227896.62093576335
2900,138876.54293665406
2901,227260.94326281175
2902,220493.1604979388
2903,308854.59266231954
2904,333096.7065723508
2905,53450.163003340145
2906,186740.87564965783
2907,105132.74996516884
2908,110678.34168456536
2909,137869.26319927277
2910,65878.34924815819
2911,54903.50825805421
2912,158335.21268781694
2913,69271.98835718559
2914,56459.67600518001
2915,67496.90462805326
2916,67394.83888827228
2917,136198.29715420763
2918,99662.8137222424
2919,242663.51670064707
